  0.10000000000000001         2.36999988555908203E-003     1152.8692721694081          1000.0000000000000          1.5000000000000000         5.45982676669243077E-004     363.91033977309809     
  0.20000000000000001         2.61333216968135523E-003     879.82673806136222          1444.9312686656679          1.0000157833288923         6.40629121979421770E-004     439.72267667938780     
  0.30000000000000004         2.62703362828535731E-003     879.80801919303144          1452.5453106776035         0.99998128877501269         7.51664788133667031E-004     439.72773271579047     
  0.40000000000000002         2.62103441566418054E-003     879.77867475165795          1449.2703143155113         0.99993341167987870         8.81920967053290757E-004     439.73475020072806     
  0.50000000000000000         2.61890964589142150E-003     879.69826068067471          1448.2246336008170         0.99979741974175063         1.03471553829192369E-003     439.75468232313659     
  0.60000000000000009         2.61859822086559424E-003     879.68749430185312          1448.0698523285635         0.99977916541585332         1.21393564147138726E-003     439.75735776186525     
  0.70000000000000007         2.61852112493075840E-003     879.73600187115096          1447.9480953881300         0.99986161272867879         1.42413403495747254E-003     439.74527377163957     
  0.80000000000000004         2.61850456498100969E-003     879.71621764615986          1447.9721580929188         0.99982765766715398         1.67064126956922962E-003     439.75025047659489     
  0.90000000000000002         2.61851263803779310E-003     879.69322239614428          1448.0147653725694         0.99978835448989511         1.95969608418475501E-003     439.75601097056045     
   1.0000000000000000         2.61852991936315253E-003     879.72620696015269          1447.9702819818117         0.99984449920027973         2.29859672287434195E-003     439.74778206398202     
   1.1000000000000001         2.61859159690589578E-003     879.69366643579883          1448.0582886785110         0.99978890757069716         2.69587617109285152E-003     439.75592990846189     
   1.2000000000000002         2.61861657599863013E-003     879.72874507013626          1448.0148555556800         0.99984853871960244         3.16150459602823663E-003     439.74719000178095     
   1.3000000000000000         2.61870330084608763E-003     879.71467340721119          1448.0867001705699         0.99982429876043555         3.70712252963019970E-003     439.75074277974289     
   1.4000000000000001         2.61875535579824629E-003     879.71327112196934          1448.1185956588515         0.99982163132539148         4.34630851673064363E-003     439.75113373592575     
   1.5000000000000000         2.61880425772422626E-003     879.71952465979882          1448.1361828670354         0.99983200249307014         5.09488501368169071E-003     439.74961366991829     
   1.6000000000000001         2.61887177570669857E-003     879.70386971064920          1448.2000041150084         0.99980506749919940         5.97126619213596537E-003     439.75356142746557     
   1.7000000000000002         2.61893691853852008E-003     879.69734717652136          1448.2470368866534         0.99979385420301803         6.99685087612692252E-003     439.75520490632277     
   1.8000000000000000         2.61902300069866058E-003     879.70382534159796          1448.2834425522385         0.99980508158457349         8.19646297851457477E-003     439.75355936303623     
   1.9000000000000001         2.61912618361168602E-003     879.70112144725056          1448.3430007586774         0.99980114583511492         9.59884031579384851E-003     439.75413620759650     
   2.0000000000000000         2.61924623721271474E-003     879.72324138146121          1448.3690240931189         0.99984021770221110         1.12371703161705857E-002     439.74840959152925     
   2.1000000000000001         2.61935260378950508E-003     879.69318905582691          1448.4697522752019         0.99979159759186353         1.31496675651010912E-002     439.75553564621657     
   2.2000000000000002         2.62372949489557156E-003     877.32306309579371          1454.7941430550709         0.99575911118481863         1.53801829329710798E-002     440.34615651147647     
   2.3000000000000003         2.64981583221529692E-003     865.91220952730930          1488.5948862839384         0.97640373741194353         1.79788266738930697E-002     443.16958029185838     
   2.4000000000000004         2.71892335251119844E-003     839.45946652794578          1575.5108888147643         0.93201627199058767         2.10025777350238765E-002     449.56642339218274     
   2.5000000000000000         2.83198017839728176E-003     801.92441454164498          1717.7775887952014         0.87022400702453351         2.45158378348744842E-002     458.26248401980882     
   2.6000000000000001         2.95614162447121716E-003     766.56313182855069          1875.7359175018757         0.81331856316437245         2.85908708590763144E-002     466.01712469282563     
   2.7000000000000002         3.05380180381307695E-003     742.88290479812872          1999.4046491946131         0.77593693531305907         3.33080450134281697E-002     470.95914611784008     
   2.8000000000000003         3.11100898671387138E-003     731.73108142408364          2067.8505931632362         0.75854009731678873         3.87557663910112135E-002     473.21410803233778     
   2.9000000000000004         3.13375751828285243E-003     729.79486832078453          2088.4609713368945         0.75553798520713233         4.50299580509831709E-002     473.60021917755944     
   3.0000000000000000         3.13345678364960328E-003     733.63949256444494          2077.2931288631344         0.76152058956588131         5.22328991829490927E-002     472.82988879154374     
   3.1000000000000001         3.11940443604826183E-003     740.89692012742751          2047.7073473087912         0.77285082298724461         6.04711968098792380E-002     471.36131493028245     
   3.2000000000000002         3.09754619992951485E-003     750.14206614452451          2008.2948299866587         0.78736239252202844         6.98526225582978000E-002     469.46233397240775     
   3.3000000000000003         3.07134024384241510E-003     760.54645595400564          1964.0672220506258         0.80379911564610573         8.04815175891062107E-002     467.28771984245446     
   3.4000000000000004         3.04278405366550800E-003     771.62390987714036          1917.8827143310855         0.82142176414652657         9.24524627612421934E-002     464.92929288552835     
   3.5000000000000000         3.01313275830858559E-003     783.07845527635550          1871.4279510918120         0.83977673526240948         0.10584194691959427          462.44450484150167     
   3.6000000000000001         2.98330371468117327E-003     794.70987091325389          1825.8002889008460         0.85855217326571254         0.12069786776791887          459.87423829163038     
   3.7000000000000002         2.95406788416152600E-003     806.35105498015594          1781.8267890816655         0.87748083099917051         0.13702689462200557          457.25519242941334     
   3.8000000000000003         2.92613640081088424E-003     817.83101832979708          1740.2241203716255         0.89628113517894747         0.15478003652749106          454.62769482478387     
   3.9000000000000004         2.90021574544562606E-003     828.95853065283870          1701.6759361570505         0.91463015395588543         0.17383720793983559          452.03942349217766     
   4.0000000000000000         2.87705212623662722E-003     839.51433777751254          1666.8795819560839         0.93215011048430163         0.19399215708759240          449.54731154937156     
   4.1000000000000005         2.85745717944700531E-003     849.25028009816492          1636.5678629575532         0.94840654139682101         0.21493976520612043          447.21775292611665     
   4.2000000000000002         2.84234150649191174E-003     857.91621260775719          1611.4873454468982         0.96295399601518916         0.23626832314531410          445.11981242633908     
   4.2999999999999998         2.83279118741267075E-003     865.28061345551453          1592.4248867736092         0.97537307452783739         0.25745976343097204          443.31937657139451     
   4.4000000000000004         2.83000997261394086E-003     870.99390654976560          1580.4503976019953         0.98504177829304373         0.27790073948892458          441.91191597570770     
   4.5000000000000000         2.83481935615735288E-003     874.38079073692347          1577.0329854838917         0.99078380700261170         0.29690667332130360          441.07375300156963     
   4.6000000000000005         2.84732502079558048E-003     874.94322128488773          1583.0030434570972         0.99173012109316128         0.31375930984267830          440.93545835345657     
   4.7000000000000002         2.86861702478874176E-003     873.86318186462324          1596.8372117764502         0.98988647649827677         0.32775599927787713          441.20484726500041     
   4.8000000000000007         2.90364687151231085E-003     873.62393718133853          1616.8031416920983         0.98947274924005213         0.33826624520373905          441.26527639808131     
   4.9000000000000004         2.95674520303546799E-003     871.82258667996257          1649.8333776003051         0.98639533536074286         0.34478864722172098          441.71448993427083     
   5.0000000000000000         3.01433169220491695E-003     855.91354863431116          1713.3862644577362         0.95947522751618408         0.34700000286102173          445.62260355429146     
   5.1000000000000005         3.03756679671521443E-003     813.58183407573256          1816.7120076598294         0.88911329415946649         0.34478864065939302          455.63245093497301     
   5.2000000000000002         2.99368319218882347E-003     748.65326394317890          1946.1193111258772         0.78475645497982105         0.33826623240890258          469.80481393957677     
   5.3000000000000007         2.89587741918137737E-003     678.97771974285433          2076.0687306036957         0.67773627740527453         0.32775598087550473          483.27388850728130     
   5.4000000000000004         2.79276549181081820E-003     620.88490433432310          2189.7042864919940         0.59261356360284823         0.31375928668968883          493.03977485484063     
   5.5000000000000000         2.72148574461626366E-003     579.69825806195627          2285.5235266161721         0.53462364804903717         0.29690664642545178          499.13706910896218     
   5.6000000000000005         2.68749036950427294E-003     552.40632843952892          2368.5134948404343         0.49731339581173090         0.27790070992229682          502.79945065633251     
   5.7000000000000002         2.67847292608986483E-003     534.11429058736530          2441.4289514009265         0.47281556948852443         0.25745973224969776          505.08707999244848     
   5.8000000000000007         2.68063604205132523E-003     521.22795963312569          2503.8552294074680         0.45580387056117605         0.23626829132409574          506.61922887345156     
   5.9000000000000004         2.68465421031743000E-003     511.66076410619223          2554.5914533735299         0.44330389916926977         0.21493973359221424          507.71492455357424     
   6.0000000000000000         2.68560771043939179E-003     504.23627760185877          2593.2761848998498         0.43367758474974893         0.19399212637500776          508.54108428257581     
   6.1000000000000005         2.68149181303129749E-003     498.23493633375045          2620.6904387098293         0.42594207131919504         0.17383717866156825          509.19372196740068     
   6.2000000000000002         2.67194687600640383E-003     493.17867900973573          2638.3750340950469         0.41945552968822203         0.15478000906186345          509.73319253590103     
   6.3000000000000007         2.65745667150258649E-003     488.74579426528220          2648.1363406308456         0.41379186148419611         0.13702686920859306          510.19837285229505     
   6.4000000000000004         2.63890113724147765E-003     484.73279159888409          2651.7034880050055         0.40868384086408144         0.12069784452882180          510.61320691669607     
   6.5000000000000000         2.61731751542999434E-003     481.02697521961460          2650.5722666396305         0.40398365903094541         0.10584192588258348          510.99095336233364     
   6.6000000000000005         2.59376665454193753E-003     477.57973495521082          2645.9778799832470         0.39962644787392143         9.24524438822738048E-002     511.33772424432703     
   6.7000000000000002         2.56924868255271671E-003     474.38066071709358          2638.9302955214307         0.39559616544048593         8.04815007726243231E-002     511.65554137283266     
   6.8000000000000007         2.54464551077544527E-003     471.43507620808811          2630.2670156783279         0.39189669757724516         6.98526076745115965E-002     511.94477865081632     
   6.9000000000000004         2.52068460711695093E-003     468.74723884588275          2620.6999692936229         0.38853067378675943         6.04711837087713242E-002     512.20586545328331     
   7.0000000000000000         2.49792341253232989E-003     466.31023724302588          2610.8476851593373         0.38548699142089982         5.22328877051411941E-002     512.44023735937492     
   7.1000000000000005         2.47675245330939483E-003     464.10235406485361          2601.2514734821812         0.38273650651591246         4.50299480358025070E-002     512.65062932520482     
   7.2000000000000002         2.45741242317392902E-003     462.08872592333478          2592.3776339524416         0.38023426447505443         3.87557576821950522E-002     512.84087242890746     
   7.3000000000000007         2.44001898432096975E-003     460.22662757959040          2584.6090779719011         0.37792611069775200         3.33080374629206033E-002     513.01537684236871     
   7.4000000000000004         2.42458945830511001E-003     458.47255216196299          2578.2306843337569         0.37575740351394704         2.85908643293429007E-002     513.17847773234598     
   7.5000000000000000         2.41106738629714512E-003     456.78931525029259          2573.4137464043001         0.37368166440041151         2.45158322001038133E-002     513.33380402497551     
   7.6000000000000005         2.39934316788008003E-003     455.15161370178026          2570.2056975118476         0.37166726819173607         2.10025728815243125E-002     513.48380660394514     
   7.7000000000000002         2.38927081665725894E-003     453.54886182387844          2568.5310357730609         0.36970076368091614         1.79788224999302138E-002     513.62954471337878     
   7.8000000000000007         2.38068183913442552E-003     451.98477134911531          2568.2071734367423         0.36778620909802257         1.53801793482361403E-002     513.77076889741227     
   7.9000000000000004         2.37339728776055211E-003     450.47398279119261          2568.9748098274085         0.36594093813186745         1.31496644899533194E-002     513.90626151006495     
   8.0000000000000000         2.36723844823880742E-003     449.03685489031915          2570.5376572427308         0.36418913985597140         1.12371676807582199E-002     514.03432577016861     
   8.0999999999999996         2.36203589472603389E-003     447.69395209329571          2572.6030575322943         0.36255514220261853         9.59883805912746177E-003     514.15328149978325     
   8.2000000000000011         2.35763625135995648E-003     446.46164435707834          2574.9148868251582         0.36105810762636242         8.19646104754353719E-003     514.26184475005618     
   8.3000000000000007         2.35390612969764825E-003     445.34963693342155          2577.2731984097372         0.35970910398055134         6.99684922485195766E-003     514.35932724784516     
   8.4000000000000004         2.35073322491754708E-003     444.36049559163268          2579.5396554706736         0.35851059661610934         5.97126478077784212E-003     514.44565923301695     
   8.5000000000000000         2.34802511657746567E-003     443.49065900502040          2581.6317629747009         0.35745772255568575         5.09488380791719205E-003     514.52128689358460     
   8.5999999999999996         2.34570665037390266E-003     442.73220260388769          2583.5108142548793         0.35654044774332477         4.34630748700017000E-003     514.58701124582035     
   8.7000000000000011         2.34371678642472615E-003     442.07470129299810          2585.1682421297578         0.35574582114250519         3.70712165051731088E-003     514.64382465331755     
   8.8000000000000007         2.34200557440404676E-003     441.50678190693327          2586.6135582796883         0.35505983941662794         3.16150384570849236E-003     514.69277838973153     
   8.9000000000000004         2.34053161149482469E-003     441.01720970798357          2587.8653071783556         0.35446874231605596         2.69587553084760841E-003     514.73489253469165     
   9.0000000000000000         2.33926008028325543E-003     440.59553053183544          2588.9451289858998         0.35395977060960326         2.29859617666438101E-003     514.77110474411290     
   9.0999999999999996         2.33816130476608959E-003     440.23237382340994          2589.8743254433443         0.35352151663668657         1.95969561827806634E-003     514.80224792691604     
   9.2000000000000011         2.33720969891008847E-003     439.91953577428598          2590.6721358936657         0.35314401241239018         1.67064087221735491E-003     514.82904619819146     
   9.3000000000000007         2.33638297980790248E-003     439.64994062157973          2591.3550264794326         0.35281867364975683         1.42413369611497334E-003     514.85212061243124     
   9.4000000000000004         2.33566154128133502E-003     439.41752579767302          2591.9366097560742         0.35253815489357737         1.21393535255331139E-003     514.87200078458602     
   9.5000000000000000         2.33502793782702778E-003     439.21697307630416          2592.4286098984535         0.35229602110535840         1.03471529196462833E-003     514.88914915853923     
   9.6000000000000014         2.33446654816825720E-003     439.04356947424793          2592.8414512549043         0.35208656496316804         8.81920757054341646E-004     514.90397465600915     
   9.7000000000000011         2.33396295134777375E-003     438.89617755683724          2593.1661971799394         0.35190836265122905         7.51664609117043024E-004     514.91658170864650     
   9.8000000000000007         2.33349956575603463E-003     438.77809746930438          2593.3607256969312         0.35176556559021022         6.40628969382611366E-004     514.92667982990929     
   9.9000000000000004         2.33303618016429551E-003     390.75000000000000          2459.6000976562500         0.43000000715255737         5.45982546599294016E-004     508.85261374929905     
