  1.23456790123456783E-002 ;   0.0000000000000000     
  2.46913580246913567E-002 ;   0.0000000000000000     
  3.70370370370370350E-002 ;   0.0000000000000000     
  4.93827160493827133E-002 ;   0.0000000000000000     
  6.17283950617283916E-002 ;   0.0000000000000000     
  7.40740740740740700E-002 ;   0.0000000000000000     
  8.64197530864197483E-002 ;   0.0000000000000000     
  9.87654320987654266E-002 ;   0.0000000000000000     
  0.11111111111111110      ;   0.0000000000000000     
  0.12345679012345678      ;   0.0000000000000000     
  0.13580246913580246      ;   0.0000000000000000     
  0.14814814814814814      ;   0.0000000000000000     
  0.16049382716049382      ;   0.0000000000000000     
  0.17283950617283950      ;   0.0000000000000000     
  0.18518518518518517      ;   0.0000000000000000     
  0.19753086419753085      ;   0.0000000000000000     
  0.20987654320987653      ;   0.0000000000000000     
  0.22222222222222221      ;   0.0000000000000000     
  0.23456790123456789      ;   0.0000000000000000     
  0.24691358024691357      ;   0.0000000000000000     
  0.25925925925925924      ;  4.54309488839380834E-014
  0.27160493827160492      ;  2.17133211577600217E-011
  0.28395061728395060      ;  1.33218685775299323E-009
  0.29629629629629628      ; -3.19347938312156240E-008
  0.30864197530864196      ; -8.06525020296345538E-008
  0.32098765432098764      ;  8.40935310845930537E-006
  0.33333333333333331      ; -1.06673885415518681E-004
  0.34567901234567899      ;  6.44982674405194232E-004
  0.35802469135802467      ; -1.74579788840467068E-003
  0.37037037037037035      ; -1.69195404398193058E-003
  0.38271604938271603      ;  2.91421759919760180E-002
  0.39506172839506171      ; -9.48429997114527412E-002
  0.40740740740740738      ;  0.12790906592238427     
  0.41975308641975306      ;  3.68953202142824907E-003
  0.43209876543209874      ; -0.18688412243109245     
  0.44444444444444442      ;  0.10117658100308258     
  0.45679012345679010      ;  8.73041122097369671E-002
  0.46913580246913578      ; -1.35990779714509763E-002
  0.48148148148148145      ;  2.08823794257804105E-002
  0.49382716049382713      ;  1.62989367003041168E-002
  0.50617283950617287      ;  1.80936896088397200E-003
  0.51851851851851849      ;  9.23640111423558105E-003
  0.53086419753086411      ;  4.88151284751708534E-003
  0.54320987654320985      ;  1.11097951989741511E-004
  0.55555555555555558      ;  2.18779781368020438E-003
  0.56790123456790120      ;  6.72823366074086320E-004
  0.58024691358024683      ; -7.42363178773583618E-004
  0.59259259259259256      ; -1.49995800208400210E-004
  0.60493827160493829      ;  8.95334114058088593E-005
  0.61728395061728392      ;  5.81088961813520166E-006
  0.62962962962962954      ; -4.92353389142290721E-006
  0.64197530864197527      ;  3.57392900798234040E-007
  0.65432098765432101      ;  4.47870898817067782E-008
  0.66666666666666663      ; -7.16825011436426799E-009
  0.67901234567901225      ;  3.34348622911037372E-010
  0.69135802469135799      ; -5.79734539875772770E-012
  0.70370370370370372      ;  2.85056934173729470E-014
  0.71604938271604934      ;   0.0000000000000000     
  0.72839506172839497      ;   0.0000000000000000     
  0.74074074074074070      ;   0.0000000000000000     
  0.75308641975308643      ;   0.0000000000000000     
  0.76543209876543206      ;   0.0000000000000000     
  0.77777777777777768      ;   0.0000000000000000     
  0.79012345679012341      ;   0.0000000000000000     
  0.80246913580246915      ;   0.0000000000000000     
  0.81481481481481477      ;   0.0000000000000000     
  0.82716049382716039      ;   0.0000000000000000     
  0.83950617283950613      ;   0.0000000000000000     
  0.85185185185185186      ;   0.0000000000000000     
  0.86419753086419748      ;   0.0000000000000000     
  0.87654320987654311      ;   0.0000000000000000     
  0.88888888888888884      ;   0.0000000000000000     
  0.90123456790123457      ;   0.0000000000000000     
  0.91358024691358020      ;   0.0000000000000000     
  0.92592592592592582      ;   0.0000000000000000     
  0.93827160493827155      ;   0.0000000000000000     
  0.95061728395061729      ;   0.0000000000000000     
  0.96296296296296291      ;   0.0000000000000000     
  0.97530864197530853      ;   0.0000000000000000     
  0.98765432098765427      ;   0.0000000000000000     
   1.0000000000000000      ;   0.0000000000000000     
